application_login_page	0	20000	0	0.0	73.90079999999976	41.0	833.0	66.0	87.0	112.0	257.9800000000032
application_landing_page	0	20000	0	0.0	15.285300000000023	7.0	1352.0	10.0	12.0	16.0	210.0
final_application_submission	0	20000	1	0.005	135.54864999999984	13.0	1307.0	125.0	164.0	205.0	340.9900000000016
full_pkg	0	20000	1	0.01	370.7	232	35227	342.0	471.0	538.0	702.0
application_login_page	20000	20000	0	0.0	69.13450000000005	39.0	862.0	63.0	80.0	90.0	236.0
application_landing_page	20000	20000	0	0.0	16.472349999999917	7.0	5033.0	9.0	11.0	15.0	209.0
final_application_submission	20000	20000	1	0.005	126.80015000000019	78.0	34204.0	119.0	148.0	161.0	286.0
full_pkg	20000	20000	1	0.01	350.46	242	34391	330.0	421.1	502.0	610.01
application_login_page	40000	20000	0	0.0	69.75440000000006	39.0	638.0	65.0	80.0	85.0	245.0
application_landing_page	40000	20000	0	0.0	14.464900000000005	7.0	1854.0	9.0	11.0	12.0	208.0
final_application_submission	40000	20000	1	0.005	125.52009999999999	52.0	613.0	124.0	150.0	157.0	174.0
full_pkg	40000	20000	1	0.01	344.36	248	33970	326.0	382.0	452.0	617.01
application_login_page	60000	20000	0	0.0	70.13489999999958	40.0	528.0	69.0	82.0	86.0	100.9900000000016
application_landing_page	60000	20000	0	0.0	14.299499999999949	7.0	1361.0	9.0	11.0	12.0	208.0
final_application_submission	60000	20000	1	0.005	131.62744999999993	74.0	677.0	131.0	157.0	163.0	177.0
full_pkg	60000	20000	1	0.01	344.95	242	1720	335.0	387.0	417.0	584.0
application_login_page	80000	20000	0	0.0	73.90744999999988	39.0	860.0	68.0	84.0	91.0	242.9900000000016
application_landing_page	80000	20000	0	0.0	14.057999999999979	7.0	1219.0	9.0	11.0	12.0	199.0
final_application_submission	80000	20000	1	0.005	134.18524999999983	16.0	1376.0	128.0	159.0	168.0	302.9900000000016
full_pkg	80000	20000	1	0.01	359.63	234	34434	340.0	412.0	500.0	607.0
application_login_page	100000	20000	0	0.0	72.52184999999949	40.0	2975.0	67.0	82.0	86.0	253.0
application_landing_page	100000	20000	0	0.0	14.104800000000019	7.0	1287.0	9.0	11.0	12.0	193.0
final_application_submission	100000	20000	0	0.0	128.6271999999997	74.0	3214.0	126.0	154.0	161.0	176.0
full_pkg	100000	20000	0	0.0	346.58	240	30922	330.0	387.0	436.0	638.01
application_login_page	120000	20000	0	0.0	69.0264000000004	42.0	636.0	67.0	81.0	84.0	108.0
application_landing_page	120000	20000	0	0.0	14.18805000000003	7.0	1332.0	9.0	11.0	12.0	192.0
final_application_submission	120000	20000	2	0.01	127.36445000000067	8.0	795.0	126.0	151.0	157.0	172.0
full_pkg	120000	20000	2	0.01	339.73	208	31723	328.0	375.0	410.0	584.01
application_login_page	140000	20000	0	0.0	73.65044999999945	40.0	1168.0	68.0	83.0	91.0	245.9900000000016
application_landing_page	140000	20000	0	0.0	14.479999999999988	7.0	1227.0	10.0	11.0	12.0	195.0
final_application_submission	140000	20000	0	0.0	133.34149999999852	74.0	1358.0	130.0	157.0	166.0	300.0
full_pkg	140000	20000	0	0.0	362.77	240	31673	347.0	416.0	510.0	623.0
application_login_page	160000	20000	0	0.0	65.8568500000001	42.0	645.0	64.0	77.0	81.0	95.0
application_landing_page	160000	20000	0	0.0	14.898100000000001	7.0	2256.0	9.0	11.0	13.0	193.0
final_application_submission	160000	20000	2	0.01	121.69945000000017	11.0	579.0	119.0	143.0	151.0	168.0
full_pkg	160000	20000	2	0.01	334.09	191	2588	322.0	365.0	408.0	597.01
application_login_page	180000	20000	0	0.0	70.54245000000068	38.0	803.0	65.0	84.0	95.0	251.0
application_landing_page	180000	20000	0	0.0	12.578249999999949	7.0	280.0	9.0	11.0	14.0	129.0
final_application_submission	180000	20000	1	0.005	128.37704999999852	14.0	767.0	122.0	159.0	178.0	238.9900000000016
full_pkg	180000	20000	1	0.01	347.62	229	34802	329.0	411.0	463.0	641.0
application_login_page	200000	20000	0	0.0	73.2269	38.0	505.0	66.0	84.0	100.0	283.0
application_landing_page	200000	20000	0	0.0	14.790500000000064	7.0	1282.0	10.0	11.0	14.0	200.0
final_application_submission	200000	20000	0	0.0	133.2028500000004	75.0	877.0	126.0	158.0	176.95000000000073	352.0
full_pkg	200000	20000	0	0.0	361.83	239	1591	344.0	440.0	527.0	686.0
application_login_page	220000	20000	0	0.0	68.34800000000057	39.0	555.0	64.0	80.0	87.0	249.0
application_landing_page	220000	20000	0	0.0	14.741650000000075	7.0	1373.0	9.0	11.0	13.0	197.0
final_application_submission	220000	20000	0	0.0	123.3209499999997	77.0	673.0	120.0	149.0	160.0	203.0
full_pkg	220000	20000	0	0.0	342.76	239	33047	324.0	390.0	455.0	654.0
application_login_page	240000	20000	0	0.0	67.35384999999951	41.0	580.0	64.0	80.0	86.0	131.0
application_landing_page	240000	20000	0	0.0	14.47850000000005	7.0	1577.0	9.0	11.0	14.0	197.0
final_application_submission	240000	20000	2	0.01	126.03165000000017	15.0	703.0	122.0	151.0	163.0	215.0
full_pkg	240000	20000	2	0.01	338.8	209	1850	322.0	382.0	441.05	702.01
application_login_page	260000	20000	0	0.0	68.3564999999999	38.0	741.0	64.0	79.0	86.0	255.0
application_landing_page	260000	20000	0	0.0	14.76040000000001	7.0	2333.0	9.0	11.0	13.0	197.0
final_application_submission	260000	20000	1	0.005	123.96209999999971	18.0	1138.0	121.0	149.0	159.0	199.0
full_pkg	260000	20000	1	0.01	342.72	237	32995	324.0	391.0	458.0	656.01
application_login_page	280000	20000	0	0.0	69.13450000000005	39.0	862.0	63.0	80.0	90.0	236.0
application_landing_page	280000	20000	0	0.0	16.472349999999917	7.0	5033.0	9.0	11.0	15.0	209.0
final_application_submission	280000	20000	1	0.005	126.80015000000019	78.0	34204.0	119.0	148.0	161.0	286.0
full_pkg	280000	20000	1	0.01	340.46	242	34391	333.0	421.1	522.0	630.01
application_login_page	300000	20000	0	0.0	69.75440000000006	39.0	638.0	65.0	80.0	85.0	245.0
application_landing_page	300000	20000	0	0.0	14.464900000000005	7.0	1854.0	9.0	11.0	12.0	208.0
final_application_submission	300000	20000	1	0.005	125.52009999999999	52.0	613.0	124.0	150.0	157.0	174.0
full_pkg	300000	20000	1	0.01	345.36	248	33970	329.0	382.0	481.0	607.01
application_login_page	320000	20000	0	0.0	70.13489999999958	40.0	528.0	69.0	82.0	86.0	100.9900000000016
application_landing_page	320000	20000	0	0.0	14.299499999999949	7.0	1361.0	9.0	11.0	12.0	208.0
final_application_submission	320000	20000	1	0.005	131.62744999999993	74.0	677.0	131.0	157.0	163.0	177.0
full_pkg	320000	20000	1	0.01	345.95	242	1720	330.0	387.0	417.0	584.0
application_login_page	340000	20000	0	0.0	73.2269	38.0	505.0	66.0	84.0	100.0	283.0
application_landing_page	340000	20000	0	0.0	14.790500000000064	7.0	1282.0	10.0	11.0	14.0	200.0
final_application_submission	340000	20000	0	0.0	133.2028500000004	75.0	877.0	126.0	158.0	176.95000000000073	352.0
full_pkg	340000	20000	0	0.0	361.83	239	1591	344.0	440.0	527.0	686.0
application_login_page	360000	20000	0	0.0	73.2269	38.0	505.0	66.0	84.0	100.0	283.0
application_landing_page	360000	20000	0	0.0	14.790500000000064	7.0	1282.0	10.0	11.0	14.0	200.0
final_application_submission	360000	20000	0	0.0	133.2028500000004	75.0	877.0	126.0	158.0	176.95000000000073	352.0
full_pkg	360000	20000	0	0.0	375.83	239	1591	342.0	440.0	520.0	636.0
application_login_page	380000	20000	0	0.0	73.2269	38.0	505.0	66.0	84.0	100.0	283.0
application_landing_page	380000	20000	0	0.0	14.790500000000064	7.0	1282.0	10.0	11.0	14.0	200.0
final_application_submission	380000	20000	0	0.0	133.2028500000004	75.0	877.0	126.0	158.0	176.95000000000073	352.0
full_pkg	380000	20000	0	0.0	365.83	239	1591	348.0	440.0	540.0	666.0
application_login_page	400000	20000	0	0.0	73.2269	38.0	505.0	66.0	84.0	100.0	283.0
application_landing_page	400000	20000	0	0.0	14.790500000000064	7.0	1282.0	10.0	11.0	14.0	200.0
final_application_submission	400000	20000	0	0.0	133.2028500000004	75.0	877.0	126.0	158.0	176.95000000000073	352.0
full_pkg	400000	20000	0	0.0	342.83	239	1591	333.0	440.0	510.0	680.0
application_login_page	420000	20000	0	0.0	70.13489999999958	40.0	528.0	69.0	82.0	86.0	100.9900000000016
application_landing_page	420000	20000	0	0.0	14.299499999999949	7.0	1361.0	9.0	11.0	12.0	208.0
final_application_submission	420000	20000	1	0.005	131.62744999999993	74.0	677.0	131.0	157.0	163.0	177.0
full_pkg	420000	20000	1	0.01	345.95	242	1720	330.0	387.0	417.0	584.0
application_login_page	440000	20000	0	0.0	70.13489999999958	40.0	528.0	69.0	82.0	86.0	100.9900000000016
application_landing_page	440000	20000	0	0.0	14.299499999999949	7.0	1361.0	9.0	11.0	12.0	208.0
final_application_submission	440000	20000	1	0.005	131.62744999999993	74.0	677.0	131.0	157.0	163.0	177.0
full_pkg	440000	20000	1	0.01	348.95	242	1720	331.0	387.0	420.0	590.0